9	0	0	0	9	-8	593	1541	174	103319	200	87	0	16650	0	0	0	0	1196690
9	0	0	0	9	-4	590	1547	174	103319	200	97	0	16575	0	0	0	0	1196795
27	0	0	0	27	-7	589	1549	175	103336	200	97	0	16625	0	0	0	0	1197013
46	0	0	0	46	1	590	1548	175	103336	200	95	0	16550	0	0	0	0	1197220
63	0	0	0	63	-3	593	1549	175	103336	200	77	0	16650	0	0	0	0	1197320
63	0	0	0	63	-1	594	1548	175	103329	200	90	0	16750	0	0	0	0	1197425
83	0	0	0	83	-2	592	1547	175	103329	200	72	0	16600	0	0	0	0	1197630
102	0	0	0	102	0	592	1557	175	103329	200	72	0	16700	0	0	0	0	1197838
121	0	0	0	121	-3	589	1550	175	103337	200	85	0	16475	0	0	0	0	1197944
121	0	0	0	121	1	591	1555	175	103337	200	72	0	16575	0	0	0	0	1198060
140	0	0	0	140	14	585	1556	175	103337	200	65	0	16725	0	0	0	0	1198260
160	0	0	0	160	17	581	1558	175	103337	200	65	0	16750	0	0	0	0	1198467
179	0	0	0	179	13	580	1559	175	103328	200	60	0	16625	0	0	0	0	1198679
198	0	0	0	198	17	582	1561	175	103328	200	57	0	16525	0	0	0	0	1198888
217	0	0	0	217	20	579	1564	175	103312	200	55	0	16475	0	0	0	0	1199100
237	0	0	0	237	21	576	1565	175	103312	200	52	0	16525	0	0	0	0	1199308
256	0	0	0	256	25	579	1564	175	103312	200	50	0	16550	0	0	0	0	1199519
275	0	0	0	275	24	577	1568	175	103320	200	47	0	16600	0	0	0	0	1199728
294	0	0	0	294	23	577	1569	175	103320	200	45	0	16525	0	0	0	0	1199938
314	0	0	0	314	21	579	1570	175	103320	200	42	0	16625	0	0	0	0	1200208
331	0	0	0	331	23	580	1573	175	103329	200	47	0	16550	0	0	0	0	1200250
331	0	0	0	331	27	578	1575	175	103329	200	40	0	16700	0	0	0	0	1200355
351	0	0	0	351	23	577	1573	175	103329	200	42	0	16450	0	0	0	0	1200460
351	0	0	0	351	33	572	1575	175	103329	200	42	0	16550	0	0	0	0	1200570
370	0	0	0	370	26	570	1573	175	103329	200	42	0	16600	0	0	0	0	1200670
370	0	0	0	370	28	572	1574	175	103329	200	37	0	16600	0	0	0	0	1200780
389	0	0	0	389	26	574	1576	175	103329	200	40	0	16625	0	0	0	0	1200880
389	0	0	0	389	18	575	1581	175	103329	200	37	0	16700	0	0	0	0	1200990
408	0	0	0	408	27	570	1579	175	103329	200	40	0	16675	0	0	0	0	1201090
408	0	0	0	408	11	574	1581	175	103329	200	32	0	16375	0	0	0	0	1201200
428	0	0	0	428	22	568	1584	175	103329	200	35	0	16700	0	0	0	0	1201400
447	0	0	0	447	19	569	1586	175	103329	200	30	0	16700	0	0	0	0	1201608
466	0	0	0	466	13	574	1586	175	103329	200	27	0	16500	0	0	0	0	1201818
485	0	0	0	485	17	571	1587	175	103324	200	25	0	16375	0	0	0	0	1202027
505	0	0	0	505	11	571	1591	175	103324	200	22	0	16625	0	0	0	0	1202239
524	0	0	0	524	23	569	1593	175	103324	200	20	0	16500	0	0	0	0	1202447
543	0	0	0	543	22	571	1594	174	103327	200	17	0	16625	0	0	0	0	1202658
562	0	0	0	562	14	565	1597	174	103327	200	15	0	16600	0	0	0	0	1202868
582	0	0	0	582	15	569	1600	174	103327	200	12	0	16700	0	0	0	0	1203079
601	0	0	0	601	8	571	1603	174	103327	200	12	0	16675	0	0	0	0	1203347
620	0	0	0	620	4	569	1604	174	103327	200	12	0	16550	0	0	0	0	1203500
638	0	0	0	638	3	568	1602	176	103330	200	10	0	16600	0	0	0	0	1203600
638	0	0	0	638	10	570	1608	176	103330	200	10	0	16675	0	0	0	0	1203710
658	0	0	0	658	14	571	1608	176	103330	200	10	0	16675	0	0	0	0	1203810
658	0	0	0	658	3	577	1607	176	103330	200	10	0	16625	0	0	0	0	1203920
677	0	0	0	677	6	576	1610	176	103330	200	10	0	16600	0	0	0	0	1204020
677	0	0	0	677	0	577	1610	176	103330	200	10	0	16525	0	0	0	0	1204130
696	0	0	0	696	2	572	1611	175	103325	200	10	0	16525	0	0	0	0	1204230
696	0	0	0	696	-3	579	1610	175	103325	200	10	0	16450	0	0	0	0	1204340
715	0	0	0	715	0	578	1612	175	103325	200	10	0	16600	0	0	0	0	1204440
715	0	0	0	715	-2	575	1612	175	103325	200	10	0	16700	0	0	0	0	1204550
734	0	0	0	734	-3	576	1614	175	103325	200	10	0	16725	0	0	0	0	1204650
734	0	0	0	734	-1	578	1616	175	103328	200	10	0	16625	0	0	0	0	1204760
753	0	0	0	753	-7	577	1616	175	103328	200	10	0	16700	0	0	0	0	1204860
753	0	0	0	753	3	575	1617	175	103328	200	10	0	16600	0	0	0	0	1204970
773	0	0	0	773	-8	576	1620	175	103328	200	10	0	16625	0	0	0	0	1205070
773	0	0	0	773	1	572	1622	175	103328	200	10	0	16550	0	0	0	0	1205180
792	0	0	0	792	-7	573	1625	174	103318	200	10	0	16750	0	0	0	0	1205380
811	0	0	0	811	0	575	1627	174	103318	200	10	0	16725	0	0	0	0	1205589
831	0	0	0	831	-4	578	1627	174	103318	200	7	0	16700	0	0	0	0	1205798
850	0	0	0	850	-5	580	1631	176	103327	200	10	0	16475	0	0	0	0	1206009
870	0	0	0	870	-9	581	1632	176	103327	200	10	0	16600	0	0	0	0	1206218
888	0	0	0	888	-4	583	1637	176	103327	200	10	0	16500	0	0	0	0	1206385
888	0	0	0	888	-12	583	1635	177	103332	200	10	0	16575	0	0	0	0	1206440
908	0	0	0	908	-19	582	1634	177	103332	200	10	0	16725	0	0	0	0	1206640
927	0	0	0	927	-7	584	1639	177	103332	200	7	0	16450	0	0	0	0	1206849
946	0	0	0	946	-10	587	1642	176	103327	200	10	0	16425	0	0	0	0	1207058
965	0	0	0	965	-15	583	1642	176	103327	200	10	0	16600	0	0	0	0	1207267
984	0	0	0	984	-20	585	1644	176	103327	200	10	0	16575	0	0	0	0	1207479
1004	0	0	0	1004	-24	585	1651	176	103327	200	10	0	16650	0	0	0	0	1207688
1023	0	0	0	1023	-18	590	1651	176	103327	200	10	0	16600	0	0	0	0	1207959
1041	0	0	0	1041	-26	585	1653	176	103327	200	10	0	16525	0	0	0	0	1208000
1041	0	0	0	1041	-19	589	1656	176	103322	200	10	0	16625	0	0	0	0	1208105
1060	0	0	0	1060	-32	593	1654	176	103322	200	10	0	16475	0	0	0	0	1208210
1060	0	0	0	1060	-28	589	1656	176	103322	200	10	0	16750	0	0	0	0	1208320
1080	0	0	0	1080	-24	591	1659	176	103322	200	10	0	16625	0	0	0	0	1208420
1080	0	0	0	1080	-32	592	1660	176	103322	200	10	0	16400	0	0	0	0	1208530
1099	0	0	0	1099	-25	593	1660	176	103322	200	10	0	16675	0	0	0	0	1208630
1099	0	0	0	1099	-31	596	1660	176	103325	200	10	0	16475	0	0	0	0	1208740
1118	0	0	0	1118	-34	595	1663	176	103325	200	10	0	16675	0	0	0	0	1208840
1118	0	0	0	1118	-35	596	1662	176	103325	200	10	0	16525	0	0	0	0	1208950
1137	0	0	0	1137	-39	595	1665	176	103325	200	10	0	16650	0	0	0	0	1209150
1156	0	0	0	1156	-38	598	1667	176	103332	200	10	0	16725	0	0	0	0	1209360
1175	0	0	0	1175	-47	599	1671	176	103332	200	10	0	16500	0	0	0	0	1209567
1195	0	0	0	1195	-40	598	1670	176	103332	200	10	0	16625	0	0	0	0	1209674
1195	0	0	0	1195	-43	595	1672	176	103332	200	10	0	16500	0	0	0	0	1209790
1214	0	0	0	1214	-41	593	1673	176	103332	200	10	0	16700	0	0	0	0	1209990
1233	0	0	0	1233	-49	603	1676	176	103332	200	10	0	16500	0	0	0	0	1210190
1251	0	0	0	1251	-54	600	1678	176	103319	200	12	0	16725	0	0	0	0	1210394
1271	0	0	0	1271	-51	605	1679	176	103319	200	12	0	16400	0	0	0	0	1210600
1288	0	0	0	1288	-53	606	1682	176	103319	200	10	0	16600	0	0	0	0	1210700
1288	0	0	0	1288	-46	608	1678	176	103319	200	12	0	16400	0	0	0	0	1210815
1309	0	0	0	1309	-51	612	1682	177	103326	200	10	0	16600	0	0	0	0	1211085
1328	0	0	0	1328	-41	607	1682	177	103326	200	12	0	16700	0	0	0	0	1211233
1348	0	0	0	1348	-44	614	1687	177	103326	200	12	0	16500	0	0	0	0	1211440
1365	0	0	0	1365	-51	615	1688	177	103319	200	12	0	16700	0	0	0	0	1211540
1365	0	0	0	1365	-49	619	1688	177	103319	200	12	0	16650	0	0	0	0	1211655
1386	0	0	0	1386	-51	617	1689	177	103319	200	15	0	16625	0	0	0	0	1211864
1405	0	0	0	1405	-46	617	1693	176	103330	200	15	0	16600	0	0	0	0	1212070
1423	0	0	0	1423	-47	617	1694	176	103330	200	15	0	16725	0	0	0	0	1212273
1442	0	0	0	1442	-54	622	1696	176	103330	200	15	0	16750	0	0	0	0	1212480
1462	0	0	0	1462	-55	616	1698	177	103324	200	15	0	16575	0	0	0	0	1212690
1480	0	0	0	1480	-50	622	1699	177	103324	200	17	0	16675	0	0	0	0	1212790
1480	0	0	0	1480	-57	623	1699	177	103324	200	17	0	16450	0	0	0	0	1212895
1499	0	0	0	1499	-58	617	1698	177	103324	200	17	0	16525	0	0	0	0	1213100
1518	0	0	0	1518	-59	618	1703	177	103332	200	17	0	16700	0	0	0	0	1213308
1537	0	0	0	1537	-54	623	1705	177	103332	200	17	0	16700	0	0	0	0	1213414
1537	0	0	0	1537	-59	622	1706	177	103332	200	17	0	16650	0	0	0	0	1213530
1556	0	0	0	1556	-55	620	1706	177	103332	200	20	0	16675	0	0	0	0	1213730
1576	0	0	0	1576	-58	618	1707	176	103329	200	22	0	16650	0	0	0	0	1213939
1595	0	0	0	1595	-54	614	1709	176	103329	200	22	0	16650	0	0	0	0	1214208
1614	0	0	0	1614	-57	618	1713	176	103331	200	22	0	16725	0	0	0	0	1214355
1633	0	0	0	1633	-64	617	1714	176	103331	200	25	0	16500	0	0	0	0	1214570
1653	0	0	0	1653	-64	625	1714	176	103331	200	25	0	16650	0	0	0	0	1214779
1672	0	0	0	1672	-62	622	1714	177	103324	200	27	0	16450	0	0	0	0	1214987
1691	0	0	0	1691	-61	626	1717	177	103324	200	30	0	16550	0	0	0	0	1215200
1711	0	0	0	1711	-58	626	1715	177	103324	200	32	0	16525	0	0	0	0	1215410
1730	0	3	4	1731	-91	619	1718	177	103327	200	37	0	16575	0	0	0	0	1215618
1749	0	4	4	1750	-98	621	1719	177	103327	200	40	0	16600	0	0	0	0	1215829
1767	1	4	4	1768	-93	622	1720	177	103327	200	42	0	16625	0	0	0	0	1215930
1767	1	4	4	1768	-96	619	1722	177	103332	200	42	0	16550	0	0	0	0	1216034
1786	3	4	4	1787	-90	624	1722	177	103332	200	50	0	16550	0	0	0	0	1216140
1804	4	4	4	1805	-97	627	1722	177	103332	200	47	0	16700	0	0	0	0	1216350
1804	4	4	4	1805	-95	621	1720	177	103332	200	45	0	16500	0	0	0	0	1216450
1825	6	1	2	1826	-85	628	1720	177	103333	200	50	0	16525	0	0	0	0	1216656
1845	6	1	2	1846	-72	633	1723	177	103333	200	50	0	16650	0	0	0	0	1216863
1864	7	1	2	1865	-84	635	1723	177	103333	200	52	0	16625	0	0	0	0	1217078
1883	8	1	2	1884	-65	636	1722	177	103320	200	52	0	16550	0	0	0	0	1217288
1902	8	1	2	1903	-72	634	1720	177	103320	200	55	0	16600	0	0	0	0	1217498
1922	9	1	2	1923	-73	624	1725	176	103322	200	52	0	16575	0	0	0	0	1217707
1940	10	1	2	1941	-82	626	1721	176	103322	200	57	0	16625	0	0	0	0	1217918
1960	11	1	2	1961	-82	630	1723	176	103322	200	57	0	16675	0	0	0	0	1218128
1979	11	1	2	1980	-78	631	1724	177	103330	200	57	0	16625	0	0	0	0	1218339
1998	12	1	2	1999	-75	631	1724	177	103330	200	60	0	16575	0	0	0	0	1218548
2017	12	1	2	2018	-84	632	1721	177	103330	200	62	0	16650	0	0	0	0	1218819
2037	13	1	2	2038	-85	628	1723	177	103333	200	65	0	16625	0	0	0	0	1218970
2055	14	1	2	2056	-79	619	1722	177	103333	200	70	0	16550	0	0	0	0	1219070
2055	14	1	2	2056	-82	630	1720	177	103333	200	70	0	16300	0	0	0	0	1219180
2074	14	1	2	2075	-75	621	1720	177	103333	200	72	0	16525	0	0	0	0	1219280
2074	14	1	2	2075	-88	630	1716	177	103333	200	72	0	16575	0	0	0	0	1219390
2093	15	1	2	2094	-90	625	1718	178	103331	200	75	0	16225	0	0	0	0	1219490
2093	15	1	2	2094	-89	633	1719	178	103331	200	72	0	16450	0	0	0	0	1219600
2113	16	1	2	2114	-88	640	1720	178	103331	200	77	0	16600	0	0	0	0	1219700
2113	16	1	2	2114	-78	623	1718	178	103331	200	72	0	16425	0	0	0	0	1219810
2131	16	1	2	2132	-82	628	1719	178	103331	200	80	0	16725	0	0	0	0	1219910
2131	16	1	2	2132	-79	637	1717	178	103327	200	75	0	16700	0	0	0	0	1220020
2151	17	1	2	2152	-81	628	1718	178	103327	200	82	0	16600	0	0	0	0	1220120
2151	17	1	2	2152	-87	634	1718	178	103327	200	77	0	16700	0	0	0	0	1220230
2170	18	1	2	2171	-81	625	1715	178	103327	200	85	0	16700	0	0	0	0	1220330
2170	18	1	2	2171	-75	636	1715	178	103327	200	80	0	16625	0	0	0	0	1220440
2189	18	1	2	2190	-80	633	1718	178	103326	200	85	0	16525	0	0	0	0	1220540
2189	18	1	2	2190	-83	634	1715	178	103326	200	85	0	16425	0	0	0	0	1220650
2209	19	1	2	2210	-79	634	1716	178	103326	200	92	0	16550	0	0	0	0	1220850
2228	20	1	2	2229	-88	632	1714	178	103326	200	95	0	16600	0	0	0	0	1221058
2247	21	1	2	2248	-93	637	1711	179	103333	200	97	0	16550	0	0	0	0	1221269
2266	21	1	2	2267	-91	629	1710	179	103333	200	97	0	16500	0	0	0	0	1221477
2286	22	1	2	2287	-93	641	1710	179	103335	200	97	0	16650	0	0	0	0	1221688
2305	23	1	2	2306	-103	645	1707	179	103335	200	97	0	16650	0	0	0	0	1221897
2324	23	1	2	2325	-91	643	1705	179	103335	200	100	0	16625	0	0	0	0	1222110
2343	24	1	2	2344	-98	639	1705	178	103326	200	105	0	16550	0	0	0	0	1222319
2363	25	1	2	2364	-101	644	1706	178	103326	200	107	0	16600	0	0	0	0	1222528
2382	25	1	2	2383	-93	647	1704	178	103326	200	110	0	16500	0	0	0	0	1222739
2401	26	1	2	2402	-108	647	1701	179	103326	200	115	0	16700	0	0	0	0	1222949
2421	27	1	2	2422	-98	642	1701	179	103326	200	117	0	16675	0	0	0	0	1223158
2440	27	1	2	2441	-106	648	1700	179	103320	190	122	0	16625	0	0	0	0	1223429
2458	28	1	2	2459	-112	648	1701	179	103320	190	117	0	16525	0	0	0	0	1223470
2458	28	1	2	2459	-118	648	1700	179	103320	190	122	0	16425	0	0	0	0	1223575
2477	29	1	2	2478	-121	643	1699	179	103320	190	140	0	16325	0	0	0	0	1223680
2477	29	1	2	2478	-122	649	1699	179	103320	190	115	0	16550	0	0	0	0	1223790
2496	29	1	2	2497	-119	649	1699	179	103320	190	115	0	16725	0	0	0	0	1223890
2496	29	1	2	2497	-121	651	1698	179	103320	190	120	0	16700	0	0	0	0	1224000
2515	30	1	2	2516	-125	653	1697	179	103320	190	117	0	16600	0	0	0	0	1224100
2515	30	1	2	2516	-125	656	1697	179	103320	190	122	0	16700	0	0	0	0	1224210
2534	31	1	2	2535	-131	652	1697	179	103320	190	115	0	16500	0	0	0	0	1224310
2534	31	1	2	2535	-123	654	1695	179	103320	190	122	0	16600	0	0	0	0	1224420
2554	31	1	2	2555	-122	653	1696	179	103328	190	115	0	16650	0	0	0	0	1224520
2554	31	1	2	2555	-127	648	1693	179	103328	190	125	0	16550	0	0	0	0	1224630
2573	32	1	2	2574	-134	650	1695	179	103328	190	112	0	16525	0	0	0	0	1224830
2592	33	1	2	2593	-133	654	1692	178	103320	190	112	0	16625	0	0	0	0	1225040
2612	33	1	2	2613	-132	651	1689	178	103320	190	112	0	16575	0	0	0	0	1225248
2631	34	1	2	2632	-143	652	1691	178	103320	190	110	0	16525	0	0	0	0	1225457
2650	35	1	2	2651	-150	655	1688	179	103319	190	110	0	16650	0	0	0	0	1225669
2669	35	1	2	2670	-148	655	1685	179	103319	190	110	0	16600	0	0	0	0	1225879
2689	36	1	2	2690	-150	651	1683	179	103319	190	130	0	16550	0	0	0	0	1225985
2689	36	1	2	2690	-156	654	1684	179	103319	190	125	0	16625	0	0	0	0	1226100
2708	37	1	2	2709	-150	659	1683	179	103326	190	115	0	16475	0	0	0	0	1226300
2727	37	1	2	2728	-154	656	1682	179	103326	190	112	0	16625	0	0	0	0	1226569
2746	38	1	2	2747	-161	653	1681	179	103326	190	115	0	16675	0	0	0	0	1226720
2765	39	1	2	2766	-166	653	1678	179	103324	190	112	0	16700	0	0	0	0	1226928
2785	39	1	2	2786	-165	661	1675	179	103324	190	112	0	16675	0	0	0	0	1227137
2804	40	1	2	2805	-164	660	1676	179	103328	190	115	0	16625	0	0	0	0	1227350
2822	41	1	2	2823	-171	658	1675	179	103328	190	100	0	16575	0	0	0	0	1227450
2822	41	1	2	2823	-168	656	1672	179	103328	190	115	0	16650	0	0	0	0	1227555
2841	41	1	2	2842	-167	659	1672	179	103328	190	105	0	16575	0	0	0	0	1227660
2841	41	1	2	2842	-175	658	1669	179	103328	190	102	0	16675	0	0	0	0	1227770
2861	42	1	2	2862	-169	665	1669	179	103328	190	97	0	16425	0	0	0	0	1227870
2861	42	1	2	2862	-175	667	1667	179	103328	190	105	0	16575	0	0	0	0	1227980
2880	43	1	2	2881	-169	669	1665	179	103328	190	95	0	16525	0	0	0	0	1228080
2880	43	1	2	2881	-176	666	1666	179	103328	190	102	0	16450	0	0	0	0	1228190
2899	43	1	2	2900	-179	670	1659	179	103328	190	92	0	16750	0	0	0	0	1228290
2899	43	1	2	2900	-175	674	1662	179	103328	190	105	0	16525	0	0	0	0	1228400
2919	44	1	2	2920	-181	670	1658	178	103328	190	90	0	16500	0	0	0	0	1228600
2937	45	1	2	2938	-176	672	1654	178	103328	190	85	0	16650	0	0	0	0	1228808
2956	45	1	2	2957	-168	673	1654	178	103326	190	85	0	16500	0	0	0	0	1229017
2976	46	1	2	2977	-174	673	1652	178	103326	190	100	0	16600	0	0	0	0	1229124
2976	46	1	2	2977	-176	672	1651	178	103326	190	95	0	16525	0	0	0	0	1229240
2995	47	1	2	2996	-166	672	1650	178	103326	190	87	0	16575	0	0	0	0	1229440
3014	47	1	2	3015	-171	676	1647	179	103320	190	85	0	16525	0	0	0	0	1229648
3033	48	1	2	3035	-182	670	1642	179	103320	190	82	0	16600	0	0	0	0	1229858
3052	49	1	2	3054	-183	675	1641	179	103320	190	82	0	16625	0	0	0	0	1230069
3071	49	1	2	3073	-182	674	1639	179	103331	190	80	0	16600	0	0	0	0	1230278
3091	50	1	2	3093	-184	679	1635	179	103331	190	80	0	16625	0	0	0	0	1230490
3110	51	1	2	3112	-177	677	1634	179	103329	190	80	0	16575	0	0	0	0	1230698
3129	51	1	2	3131	-178	676	1630	179	103329	190	77	0	16225	0	0	0	0	1230908
3148	52	1	2	3150	-185	677	1626	179	103329	190	75	0	16700	0	0	0	0	1231180
3166	53	1	2	3168	-176	677	1625	179	103329	190	67	0	16650	0	0	0	0	1231220
3166	53	1	2	3168	-184	680	1625	180	103319	190	72	0	16450	0	0	0	0	1231325
3185	53	1	2	3187	-178	676	1624	180	103319	190	62	0	16625	0	0	0	0	1231430
3185	53	1	2	3187	-181	679	1623	180	103319	190	67	0	16375	0	0	0	0	1231540
3204	54	1	2	3206	-191	680	1622	180	103319	190	62	0	16725	0	0	0	0	1231640
3204	54	1	2	3206	-190	679	1621	180	103319	190	67	0	16600	0	0	0	0	1231750
3224	55	1	2	3226	-192	679	1618	180	103333	190	62	0	16700	0	0	0	0	1231850
3224	55	1	2	3226	-185	678	1617	180	103333	190	67	0	16525	0	0	0	0	1231960
3243	55	1	2	3245	-186	677	1612	180	103333	190	60	0	16675	0	0	0	0	1232060
3243	55	1	2	3245	-184	678	1612	180	103333	190	62	0	16475	0	0	0	0	1232170
3262	56	1	2	3264	-182	684	1610	180	103333	190	57	0	16425	0	0	0	0	1232270
3262	56	1	2	3264	-195	682	1608	178	103323	190	60	0	16500	0	0	0	0	1232380
3281	57	1	2	3283	-181	690	1605	178	103323	190	55	0	16700	0	0	0	0	1232580
3301	57	1	2	3303	-182	688	1604	178	103323	190	50	0	16625	0	0	0	0	1232790
3320	58	1	2	3322	-179	687	1602	178	103333	190	50	0	16675	0	0	0	0	1232998
3339	59	1	2	3341	-187	692	1600	178	103333	190	45	0	16650	0	0	0	0	1233207
3359	59	1	2	3361	-179	691	1599	178	103333	190	40	0	16625	0	0	0	0	1233315
3359	59	1	2	3361	-180	691	1597	178	103333	190	45	0	16625	0	0	0	0	1233430
3378	60	1	2	3380	-174	692	1595	179	103328	190	40	0	16600	0	0	0	0	1233630
3397	61	1	2	3399	-174	690	1593	179	103328	190	37	0	16650	0	0	0	0	1233839
3416	61	1	2	3418	-171	693	1588	179	103328	190	35	0	16550	0	0	0	0	1234047
3436	62	1	2	3438	-168	694	1584	179	103328	190	30	0	16675	0	0	0	0	1234319
3455	63	1	2	3457	-171	692	1583	179	103328	190	27	0	16500	0	0	0	0	1234466
3474	63	1	2	3476	-176	694	1581	179	103332	190	25	0	16625	0	0	0	0	1234680
3493	64	1	2	3495	-169	698	1581	179	103332	190	22	0	16600	0	0	0	0	1234888
3512	65	1	2	3514	-169	700	1576	179	103332	190	17	0	16350	0	0	0	0	1235100
3530	65	1	2	3532	-167	695	1576	179	103332	190	17	0	16525	0	0	0	0	1235200
3530	65	1	2	3532	-161	696	1574	181	103333	190	17	0	16700	0	0	0	0	1235305
3551	66	1	2	3553	-162	697	1574	181	103333	190	15	0	16625	0	0	0	0	1235513
3569	67	1	2	3571	-159	694	1573	181	103333	190	15	0	16575	0	0	0	0	1235620
3569	67	1	2	3571	-166	695	1576	181	103333	190	12	0	16575	0	0	0	0	1235730
3588	67	1	2	3590	-159	694	1573	181	103332	190	15	0	16675	0	0	0	0	1235830
3588	67	1	2	3590	-164	694	1572	181	103332	190	15	0	16550	0	0	0	0	1235940
3607	68	1	2	3609	-167	686	1573	181	103332	190	15	0	16700	0	0	0	0	1236040
3607	68	1	2	3609	-161	688	1569	181	103332	190	15	0	16625	0	0	0	0	1236150
3627	69	1	2	3629	-164	691	1570	178	103320	190	15	0	16525	0	0	0	0	1236350
3646	69	1	2	3648	-166	687	1566	178	103320	190	17	0	16650	0	0	0	0	1236558
3666	70	1	2	3668	-163	690	1564	178	103320	190	17	0	16450	0	0	0	0	1236768
3685	71	1	2	3687	-165	690	1563	179	103325	190	20	0	16700	0	0	0	0	1236979
3704	71	1	2	3706	-159	693	1561	179	103325	190	22	0	16550	0	0	0	0	1237187
3723	72	1	2	3725	-150	684	1561	179	103325	190	25	0	16350	0	0	0	0	1237398
3742	73	1	2	3744	-149	680	1561	179	103324	190	22	0	16600	0	0	0	0	1237606
3761	73	1	2	3763	-152	688	1558	179	103324	190	22	0	16600	0	0	0	0	1237819
3780	74	1	2	3782	-144	681	1558	179	103325	190	22	0	16600	0	0	0	0	1238029
3800	75	1	2	3802	-147	674	1559	179	103325	190	22	0	16700	0	0	0	0	1238238
3819	75	1	2	3821	-148	680	1557	179	103325	190	22	0	16650	0	0	0	0	1238448
3838	76	1	2	3840	-149	683	1555	179	103327	190	20	0	16625	0	0	0	0	1238659
3858	77	1	2	3860	-139	678	1555	179	103327	190	20	0	16550	0	0	0	0	1238928
3876	77	1	2	3878	-138	683	1552	179	103327	190	20	0	16600	0	0	0	0	1238970
3876	77	1	2	3878	-131	678	1552	179	103327	190	20	0	16700	0	0	0	0	1239075
3896	78	1	2	3898	-128	681	1550	179	103341	190	20	0	16500	0	0	0	0	1239283
3914	79	1	2	3916	-122	681	1551	179	103341	190	20	0	16525	0	0	0	0	1239390
3914	79	1	2	3916	-130	681	1552	179	103341	190	17	0	16575	0	0	0	0	1239500
3933	79	1	2	3935	-120	676	1548	179	103341	190	20	0	16650	0	0	0	0	1239600
3933	79	1	2	3935	-131	677	1550	179	103341	190	20	0	16500	0	0	0	0	1239710
3953	80	1	2	3955	-122	675	1550	180	103330	190	17	0	16625	0	0	0	0	1239810
3953	80	1	2	3955	-126	675	1550	180	103330	190	20	0	16650	0	0	0	0	1239920
3972	81	1	2	3974	-126	672	1550	180	103330	190	17	0	16625	0	0	0	0	1240020
3972	81	1	2	3974	-118	671	1550	180	103330	190	17	0	16475	0	0	0	0	1240130
3991	81	1	2	3993	-122	673	1550	180	103323	190	20	0	16400	0	0	0	0	1240330
4010	82	1	2	4012	-122	671	1548	180	103323	190	20	0	16600	0	0	0	0	1240540
4030	83	1	2	4032	-118	665	1545	180	103323	190	20	0	16575	0	0	0	0	1240748
4049	83	1	2	4051	-119	668	1544	180	103342	190	20	0	16625	0	0	0	0	1240854
4049	83	1	2	4051	-121	668	1545	180	103342	190	22	0	16625	0	0	0	0	1240970
4068	84	1	2	4070	-108	668	1543	180	103342	190	22	0	16575	0	0	0	0	1241170
4087	85	1	2	4089	-111	668	1543	180	103342	190	22	0	16700	0	0	0	0	1241379
4106	85	1	2	4108	-113	664	1544	180	103320	190	22	0	16450	0	0	0	0	1241588
4126	86	1	2	4128	-115	666	1542	180	103320	190	22	0	16575	0	0	0	0	1241800
4145	87	1	2	4147	-108	661	1542	180	103330	190	22	0	16600	0	0	0	0	1242069
4164	87	1	2	4166	-102	655	1543	180	103330	190	22	0	16725	0	0	0	0	1242220
4182	88	1	2	4184	-106	659	1541	180	103330	190	25	0	16550	0	0	0	0	1242326
4182	88	1	2	4184	-95	652	1544	180	103330	190	25	0	16700	0	0	0	0	1242430
4203	89	1	2	4205	-95	652	1542	180	103332	190	25	0	16600	0	0	0	0	1242633
4222	89	1	2	4224	-101	645	1541	180	103332	190	25	0	16650	0	0	0	0	1242849
4242	90	1	2	4244	-96	650	1539	180	103332	190	27	0	16475	0	0	0	0	1243059
4259	91	1	2	4261	-92	646	1539	180	103337	190	27	0	16575	0	0	0	0	1243160
4259	91	1	2	4261	-91	653	1538	180	103337	190	30	0	16525	0	0	0	0	1243265
4279	91	1	2	4281	-91	649	1537	180	103337	190	30	0	16650	0	0	0	0	1243370
4279	91	1	2	4281	-84	654	1539	180	103337	190	30	0	16475	0	0	0	0	1243480
4298	92	1	2	4300	-90	653	1533	180	103337	190	32	0	16650	0	0	0	0	1243580
4298	92	1	2	4300	-86	649	1534	179	103336	190	32	0	16525	0	0	0	0	1243690
4317	93	1	2	4319	-81	651	1535	179	103336	190	32	0	16350	0	0	0	0	1243790
4317	93	1	2	4319	-85	648	1535	179	103336	190	32	0	16475	0	0	0	0	1243900
4336	93	1	2	4338	-80	653	1534	179	103336	190	37	0	16475	0	0	0	0	1244100
4355	94	1	2	4357	-74	642	1533	179	103332	190	37	0	16525	0	0	0	0	1244310
4374	95	1	2	4376	-77	646	1533	179	103332	190	37	0	16525	0	0	0	0	1244517
4394	95	1	2	4396	-82	647	1531	179	103332	190	40	0	16625	0	0	0	0	1244729
4413	96	1	2	4415	-80	651	1529	179	103333	190	40	0	16600	0	0	0	0	1244834
4413	96	1	2	4415	-82	648	1530	179	103333	190	37	0	16500	0	0	0	0	1244950
4433	97	1	2	4435	-82	643	1531	179	103333	190	40	0	16575	0	0	0	0	1245150
4451	97	1	2	4453	-81	646	1527	179	103333	190	40	0	16250	0	0	0	0	1245358
4471	98	1	2	4473	-80	650	1527	179	103325	190	42	0	16625	0	0	0	0	1245570
4491	99	1	2	4493	-76	648	1521	179	103325	190	42	0	16675	0	0	0	0	1245778
4509	99	1	2	4511	-80	646	1523	179	103317	190	42	0	16625	0	0	0	0	1245989
4529	100	1	2	4531	-84	647	1522	179	103317	190	45	0	16600	0	0	0	0	1246197
4548	101	1	2	4550	-70	649	1519	179	103317	190	47	0	16550	0	0	0	0	1246409
4567	102	1	2	4569	-72	640	1519	180	103330	190	45	0	16400	0	0	0	0	1246679
4585	102	1	2	4587	-76	645	1517	180	103330	190	47	0	16675	0	0	0	0	1246720
4585	102	1	2	4587	-78	641	1518	180	103330	190	45	0	16650	0	0	0	0	1246825
4604	103	1	2	4606	-77	646	1513	180	103330	190	50	0	16675	0	0	0	0	1246930
4604	103	1	2	4606	-74	644	1516	180	103330	190	50	0	16700	0	0	0	0	1247040
4623	103	1	2	4625	-79	645	1515	179	103336	190	50	0	16575	0	0	0	0	1247140
4623	103	1	2	4625	-81	648	1514	179	103336	190	50	0	16600	0	0	0	0	1247250
4643	104	1	2	4645	-79	645	1514	179	103336	190	55	0	16675	0	0	0	0	1247350
4643	104	1	2	4645	-75	644	1511	179	103336	190	52	0	16325	0	0	0	0	1247460
4661	105	1	2	4664	-87	649	1508	179	103336	190	55	0	16450	0	0	0	0	1247560
4661	105	1	2	4664	-75	645	1509	179	103324	190	52	0	16475	0	0	0	0	1247670
4680	106	1	2	4683	-84	651	1509	179	103324	190	57	0	16700	0	0	0	0	1247770
4680	106	1	2	4683	-76	651	1505	179	103324	190	55	0	16450	0	0	0	0	1247880
4699	106	1	2	4702	-86	652	1507	179	103324	190	60	0	16275	0	0	0	0	1248080
4719	107	1	2	4722	-79	646	1504	180	103338	190	60	0	16675	0	0	0	0	1248280
4736	107	1	2	4739	-78	647	1499	180	103338	190	60	0	16575	0	0	0	0	1248484
4756	108	1	2	4759	-76	654	1499	180	103338	190	62	0	16650	0	0	0	0	1248690
4773	109	1	2	4776	-74	652	1498	180	103330	190	65	0	16550	0	0	0	0	1248790
4773	109	1	2	4776	-80	652	1496	180	103330	190	62	0	16600	0	0	0	0	1248895
4793	109	1	2	4796	-86	655	1495	180	103330	190	62	0	16500	0	0	0	0	1249100
4812	110	1	2	4815	-80	655	1494	180	103330	190	65	0	16450	0	0	0	0	1249308
4832	111	1	2	4835	-83	651	1490	180	103324	190	65	0	16325	0	0	0	0	1249519
4851	111	1	2	4854	-90	653	1490	180	103324	190	65	0	16675	0	0	0	0	1249787
4870	112	1	2	4873	-89	656	1486	180	103322	190	62	0	16675	0	0	0	0	1249940
4889	113	1	2	4892	-85	659	1481	180	103322	190	65	0	16475	0	0	0	0	1250256
4909	113	1	2	4912	-86	653	1480	180	103322	190	60	0	16450	0	0	0	0	1250359
4921	114	1	2	4924	-82	653	1479	180	103334	190	60	0	16750	0	0	0	0	1250567
4921	114	1	2	4924	-80	658	1480	180	103334	190	60	0	16750	0	0	0	0	1250779
