9	0	-1	-1	10	-38	-278	1543	123	103552	200	2317	0	17000	0	0	1	0	764826
9	0	-1	-1	10	-27	-278	1545	123	103552	200	2320	0	16875	0	0	1	0	765038
9	0	-1	-1	10	-4	-281	1543	123	103575	200	2320	0	16925	0	0	1	0	765246
9	0	-1	-1	10	49	-287	1540	123	103575	200	2320	0	16975	0	0	1	0	765457
9	0	-1	-1	10	74	-286	1539	123	103575	200	2320	0	16900	0	0	1	0	765667
9	0	-1	-1	10	152	-275	1535	123	103555	210	2322	0	16950	0	0	1	0	765877
9	0	-1	-1	10	242	-277	1520	123	103555	210	2322	0	16925	0	0	1	0	766088
9	0	-1	-1	10	365	-278	1492	123	103555	210	2325	0	16850	0	0	1	0	766296
9	0	-1	-1	10	532	-285	1439	124	103552	210	2327	0	16950	0	0	1	0	766508
9	0	-1	-1	10	657	-288	1392	124	103552	210	2330	0	16875	0	0	1	0	766726
9	0	-1	-1	10	708	-287	1367	124	103552	210	2330	0	17000	0	0	1	0	766831
9	0	-1	-1	10	763	-290	1340	124	103554	210	2327	0	16975	0	0	1	0	766950
9	0	-1	-1	10	840	-294	1294	124	103554	210	2322	0	16925	0	0	1	0	767176
9	0	-1	-1	10	956	-287	1209	124	103554	210	2317	0	16825	0	0	1	0	767397
9	0	-1	-1	10	1064	-295	1126	122	103545	210	2310	0	16875	0	0	1	0	767620
9	0	-1	-1	10	1149	-304	1039	122	103545	210	2305	0	16875	0	0	1	0	767829
9	0	-1	-1	10	1235	-311	936	122	103551	210	2297	0	16925	0	0	1	0	768038
9	0	-1	-1	10	1317	-317	818	122	103551	210	2295	0	16925	0	0	1	0	768248
9	0	-1	-1	10	1417	-325	639	122	103551	210	2295	0	16975	0	1	1	0	768467
9	0	-1	-1	10	1489	-328	474	123	103595	210	2297	0	16975	0	1	1	0	768677
9	0	-1	-1	10	1532	-339	317	123	103595	210	2305	0	16875	0	1	1	0	768901
9	0	-1	-1	10	1557	-350	175	123	103595	210	2310	0	16925	0	1	1	0	769120
9	0	-1	-1	10	1567	-356	39	122	103628	210	2312	0	16975	0	1	1	0	769330
9	0	-1	-1	10	1561	-366	-140	122	103628	210	2312	0	16950	0	1	1	0	769540
9	0	-1	-1	10	1538	-377	-301	122	103610	210	2310	0	16925	0	1	1	0	769751
9	0	-1	-1	10	1510	-380	-400	122	103610	210	2310	0	16925	0	1	1	0	769968
9	0	-1	-1	10	1476	-379	-528	122	103610	210	2312	0	16900	0	1	1	0	770178
9	0	-1	-1	10	1396	-400	-711	121	103587	210	2310	0	16875	0	1	1	0	770387
9	0	-1	-1	10	1303	-410	-848	121	103587	210	2310	0	16975	0	1	1	0	770596
9	0	-1	-1	10	1207	-414	-988	121	103587	210	2307	0	16825	0	0	1	0	770806
9	0	-1	-1	10	1063	-424	-1130	121	103572	210	2305	0	16875	0	0	1	0	771018
9	0	-1	-1	10	990	-425	-1185	121	103572	210	2302	0	16950	0	0	1	0	771227
9	0	-1	-1	10	860	-446	-1285	121	103563	210	2305	0	16925	0	0	1	0	771438
9	0	-1	-1	10	734	-470	-1350	121	103563	210	2305	0	16900	0	0	1	0	771647
9	0	-1	-1	10	529	-448	-1454	121	103563	210	2302	0	16975	0	0	1	0	771919
9	0	-1	-1	10	477	-478	-1462	122	103565	210	2302	0	16975	0	0	1	0	772065
13	0	-3	-3	14	355	-451	-1507	122	103565	210	2302	0	16925	0	0	1	0	772279
14	0	-3	-3	15	329	-442	-1514	122	103565	210	2302	0	16925	0	0	1	0	772487
14	0	-3	-3	15	279	-414	-1536	121	103578	210	2305	0	16950	0	0	1	0	772698
14	0	-3	-3	15	163	-392	-1557	121	103578	210	2302	0	16925	0	0	1	0	772907
15	0	-3	-3	16	126	-409	-1559	121	103567	210	2305	0	16900	0	0	1	0	773119
15	0	-3	-3	16	121	-402	-1561	121	103567	210	2302	0	16825	0	0	1	0	773327
15	0	-3	-3	16	-27	-512	-1542	121	103567	210	2302	0	16900	0	0	1	0	773538
15	0	-3	-3	16	-127	-595	-1522	119	103564	210	2300	0	16950	0	0	1	0	773747
15	0	-3	-3	16	-124	-586	-1523	119	103564	210	2300	0	16925	0	0	0	0	773956
15	0	-3	-3	16	-178	-567	-1528	119	103564	210	2300	0	16950	0	0	0	0	774168
15	0	-3	-3	16	-177	-517	-1545	120	103563	210	2302	0	16900	0	0	0	0	774377
15	0	-3	-3	16	-165	-444	-1563	120	103563	210	2302	0	16975	0	0	0	0	774587
15	0	-3	-3	16	-169	-344	-1583	120	103565	210	2302	0	16875	0	0	1	0	774799
15	0	-3	-3	16	-232	-399	-1573	120	103565	210	2302	0	16850	0	0	1	0	775007
15	0	-3	-3	16	-278	-317	-1574	120	103565	210	2302	0	16950	0	0	1	0	775226
15	0	-3	-3	16	-404	-424	-1540	118	103580	210	2302	0	16950	0	0	1	0	775437
15	0	-3	-3	16	-410	-444	-1528	118	103580	210	2302	0	16950	0	0	1	0	775647
15	0	-3	-3	16	-494	-454	-1512	118	103580	210	2300	0	16975	0	0	1	0	775857
15	0	-3	-3	16	-433	-460	-1523	118	103566	210	2302	0	16850	0	0	1	0	776063
15	0	-3	-3	16	-536	-400	-1514	118	103566	210	2305	0	16850	0	0	1	0	776280
15	0	-3	-3	16	-545	-356	-1523	118	103565	210	2302	0	16925	0	0	1	0	776548
15	0	-3	-3	16	-565	-382	-1510	118	103565	210	2302	0	16850	0	0	1	0	776695
15	0	-3	-3	16	-442	-404	-1537	118	103565	210	2302	0	16875	0	0	1	0	776907
15	0	-3	-3	16	-477	-441	-1508	117	103567	210	2302	0	16975	0	0	1	0	777130
15	0	-3	-3	16	-662	-369	-1467	117	103567	210	2300	0	16850	0	0	1	0	777338
15	0	-3	-3	16	-769	-343	-1434	117	103567	210	2300	0	16875	0	0	1	0	777547
15	0	-3	-3	16	-899	-324	-1353	117	103573	210	2297	0	16850	0	0	1	0	777758
15	0	-3	-3	16	-1034	-315	-1290	117	103573	210	2295	0	16950	0	0	1	0	777966
15	0	-3	-3	16	-1055	-365	-1242	117	103571	220	2292	0	17000	0	0	1	0	778179
15	0	-3	-3	16	-1230	-325	-1075	117	103571	220	2280	0	16875	0	0	1	0	778387
15	0	-3	-3	16	-1339	-334	-944	117	103571	220	2272	0	16850	0	0	1	0	778596
15	0	-3	-3	16	-1406	-350	-877	115	103583	220	2277	0	16975	0	0	1	0	778808
15	0	-3	-3	16	-1435	-369	-802	115	103583	220	2280	0	17000	0	0	1	0	779018
15	0	-3	-3	16	-1552	-343	-565	115	103583	220	2275	0	16975	0	0	1	0	779227
15	0	-3	-3	16	-1613	-332	-392	115	103578	220	2265	0	16950	0	0	1	0	779438
15	0	-3	-3	16	-1658	-337	-113	115	103578	220	2212	0	16950	0	0	1	0	779656
15	0	-3	-3	16	-1661	-348	133	113	103585	220	2077	0	16975	0	0	1	0	779867
15	0	-3	-3	16	-1614	-343	402	113	103585	220	1800	0	16900	0	0	1	0	780075
15	0	-3	-3	16	-1568	-337	528	113	103585	220	1802	0	16950	0	0	1	0	780286
15	0	-3	-3	16	-1471	-322	752	113	103596	220	2205	0	16925	0	0	1	0	780497
15	0	-3	-3	16	-1378	-306	874	113	103596	220	2270	0	16950	0	0	1	0	780705
15	0	-3	-3	16	-1284	-314	989	113	103596	220	2290	0	16875	0	0	1	0	780931
15	0	-3	-3	16	-1177	-316	1101	112	103600	220	2302	0	16825	0	0	1	0	781150
15	0	-3	-3	16	-1079	-295	1182	112	103600	220	2305	0	16950	0	0	1	0	781360
15	0	-3	-3	16	-956	-293	1269	112	103585	220	2305	0	16975	0	0	1	0	781578
18	0	-4	-4	19	-799	-295	1368	112	103585	220	2305	0	16975	0	0	1	0	781786
27	0	-8	-8	28	-605	-273	1453	112	103585	220	2305	0	17000	0	0	1	0	781996
28	0	-8	-8	29	-469	-324	1473	111	103576	220	2305	0	16925	0	0	1	0	782206
28	0	-8	-8	29	-290	-377	1500	111	103576	220	2305	0	16950	0	0	1	0	782417
31	-1	-8	-8	32	-247	-370	1501	111	103576	220	2305	0	17000	0	0	1	0	782686
34	-1	-7	-7	35	-167	-431	1490	110	103559	220	2305	0	16950	0	0	1	0	782840
34	-1	-7	-7	35	-150	-495	1469	110	103559	220	2307	0	16950	0	0	0	0	783047
34	-1	-7	-7	35	-64	-527	1464	110	103542	220	2307	0	16925	0	0	0	0	783258
34	-1	-7	-7	35	-5	-511	1470	110	103542	220	2307	0	17000	0	0	0	0	783466
34	-1	-7	-7	35	-26	-463	1485	110	103542	220	2305	0	16975	0	0	0	0	783677
35	-1	-7	-7	36	-24	-460	1490	107	103561	220	2307	0	16825	0	0	0	0	783888
35	-1	-7	-7	36	23	-436	1499	107	103561	220	2307	0	16850	0	0	0	0	784095
35	-1	-7	-7	36	93	-377	1513	107	103561	220	2307	0	16975	0	0	0	0	784309
35	-1	-7	-7	36	92	-342	1523	107	103536	220	2307	0	17000	0	0	0	0	784518
35	-1	-7	-7	36	74	-266	1544	107	103536	220	2305	0	16800	0	0	0	0	784727
35	-1	-7	-7	36	-22	-233	1550	107	103548	220	2305	0	17000	0	0	0	0	784936
35	-1	-7	-7	36	126	-337	1515	107	103548	220	2307	0	17000	0	0	0	0	785148
35	-1	-7	-7	36	169	-412	1496	107	103548	220	2310	0	16975	0	0	0	0	785359
35	-1	-7	-7	36	149	-428	1486	108	103544	220	2310	0	16950	0	0	0	0	785568
35	-1	-7	-7	36	192	-570	1426	108	103544	220	2315	0	16950	0	0	0	0	785777
35	-1	-7	-7	36	184	-670	1385	108	103544	220	2315	0	16850	0	0	0	0	785987
35	-1	-7	-7	36	207	-784	1316	108	103546	220	2317	0	16925	0	0	0	0	786199
35	-1	-7	-7	36	143	-924	1234	108	103546	220	2317	0	16950	0	0	0	0	786408
35	-1	-7	-7	36	178	-1057	1116	108	103546	220	2317	0	16875	0	0	0	0	786617
35	-1	-7	-7	36	172	-1183	998	108	103546	220	2322	0	16975	0	0	0	0	786827
35	-1	-7	-7	36	122	-1271	905	108	103546	220	2322	0	16850	0	0	0	0	787039
35	-1	-7	-7	36	48	-1352	802	109	103563	220	2322	0	16850	0	0	0	0	787309
35	-1	-7	-7	36	43	-1414	707	109	103563	220	2322	0	17000	0	0	0	0	787464
35	-1	-7	-7	36	33	-1471	599	109	103563	220	2322	0	16825	0	0	0	0	787677
35	-1	-7	-7	36	42	-1504	529	109	103543	220	2322	0	16950	0	0	0	0	787884
35	-1	-7	-7	36	34	-1535	461	109	103543	220	2325	0	16950	0	0	0	0	788100
35	-1	-7	-7	36	40	-1550	414	108	103524	220	2325	0	16975	0	0	0	0	788307
35	-1	-7	-7	36	81	-1571	338	108	103524	220	2325	0	16975	0	0	0	0	788518
35	-1	-7	-7	36	50	-1588	267	108	103524	220	2317	0	16950	0	0	0	0	788810
35	-1	-7	-7	36	27	-1609	187	109	103533	220	2310	0	16975	0	0	0	0	788945
35	-1	-7	-7	36	16	-1623	97	109	103533	220	2292	0	16975	0	0	0	0	789158
35	-1	-7	-7	36	-21	-1633	-45	109	103533	220	2290	0	16875	0	0	0	0	789367
35	-1	-7	-7	36	-90	-1630	-183	109	103616	220	2265	0	16975	0	0	0	0	789579
35	-1	-7	-7	36	-101	-1620	-295	109	103616	220	2232	0	16950	0	0	0	0	789787
35	-1	-7	-7	36	-134	-1599	-417	108	103622	220	2177	0	16825	0	0	0	0	789999
35	-1	-7	-7	36	-157	-1558	-561	108	103622	220	1935	0	16925	0	0	0	0	790207
35	-1	-7	-7	36	-200	-1500	-687	108	103622	230	1807	0	16950	0	0	0	0	790419
35	-1	-7	-7	36	-246	-1411	-857	110	103637	230	2092	0	16975	0	0	0	0	790627
35	-1	-7	-7	36	-336	-1298	-996	110	103637	230	2240	0	16900	0	0	0	0	790838
35	-1	-7	-7	36	-388	-1189	-1113	110	103637	230	2255	0	16800	0	0	0	0	791056
35	-1	-7	-7	36	-441	-1056	-1216	110	103641	230	2272	0	16950	0	0	0	0	791267
35	-1	-7	-7	36	-557	-915	-1278	110	103641	230	2272	0	16875	0	0	0	0	791477
35	-1	-7	-7	36	-627	-808	-1331	109	103617	230	2275	0	16975	0	0	0	0	791687
35	-1	-7	-7	36	-615	-635	-1421	109	103617	230	2285	0	16925	0	0	0	0	791954
35	-1	-7	-7	36	-682	-454	-1453	109	103617	230	2287	0	17000	0	0	0	0	792119
35	-1	-7	-7	36	-673	-286	-1509	109	103598	230	2295	0	16800	0	0	0	0	792327
35	-1	-7	-7	36	-448	-201	-1568	109	103598	230	2297	0	16950	0	0	0	0	792538
35	-1	-7	-7	36	-446	-151	-1576	109	103598	230	2300	0	17000	0	0	0	0	792746
35	-1	-7	-7	36	-385	-78	-1584	109	103590	230	2300	0	16925	0	0	0	0	792959
35	-1	-7	-7	36	-388	-37	-1590	109	103590	230	2297	0	16950	0	0	0	0	793167
35	-1	-7	-7	36	-351	89	-1587	109	103591	230	2297	0	16975	0	1	0	0	793380
35	-1	-7	-7	36	-353	200	-1572	109	103591	230	2297	0	16850	0	1	0	0	793588
35	-1	-7	-7	36	-439	285	-1551	109	103591	230	2297	0	17000	0	1	0	0	793796
39	-2	-8	-8	40	-166	405	-1550	107	103585	230	2295	0	16800	0	0	0	0	794009
43	-2	-10	-10	44	-306	478	-1515	107	103585	230	2295	0	16950	0	0	0	0	794216
43	-2	-10	-10	44	-349	565	-1487	107	103585	230	2295	0	16875	0	0	0	0	794428
43	-2	-10	-10	44	-431	660	-1424	107	103597	230	2295	0	17000	0	0	0	0	794636
43	-2	-10	-10	44	-404	703	-1413	107	103597	230	2295	0	16825	0	0	0	0	794849
43	-2	-10	-10	44	-359	787	-1381	107	103597	230	2295	0	16925	0	0	0	0	795058
43	-2	-10	-10	44	-364	842	-1344	106	103602	230	2295	0	16975	0	0	0	0	795276
43	-2	-10	-10	44	-336	923	-1301	106	103602	230	2297	0	16975	0	0	0	0	795488
43	-2	-10	-10	44	-348	1009	-1238	107	103610	230	2297	0	16975	0	0	0	0	795711
43	-2	-10	-10	44	-362	1098	-1166	107	103610	230	2297	0	16950	0	0	0	0	795930
43	-2	-10	-10	44	-379	1142	-1121	107	103610	230	2297	0	16875	0	0	0	0	796140
43	-2	-10	-10	44	-377	1212	-1054	107	103612	230	2297	0	16975	0	0	0	0	796358
44	-2	-10	-10	45	-345	1284	-991	107	103612	230	2292	0	16900	0	0	0	0	796581
44	-2	-10	-10	45	-293	1348	-917	106	103620	230	2292	0	16950	0	0	0	0	796800
44	-2	-10	-10	45	-286	1442	-780	106	103620	230	2300	0	16925	0	0	0	0	797010
44	-2	-10	-10	45	-318	1535	-607	106	103620	230	2310	0	16950	0	0	0	0	797229
44	-2	-10	-10	45	-307	1616	-410	107	103617	230	2317	0	16975	0	0	0	0	797436
44	-2	-10	-10	45	-279	1679	-170	107	103617	230	2322	0	16950	0	0	0	0	797646
44	-2	-10	-10	45	-228	1704	83	107	103617	230	2327	0	16925	0	0	0	0	797857
44	-2	-10	-10	45	-176	1696	259	106	103609	230	2332	0	17000	0	0	0	0	798079
44	-2	-10	-10	45	-168	1675	401	106	103609	230	2335	0	16875	0	0	0	0	798288
44	-2	-10	-10	45	-57	1631	553	106	103593	230	2335	0	16900	0	0	0	0	798505
44	-2	-10	-10	45	61	1570	704	106	103593	230	2332	0	16975	0	0	0	0	798716
44	-2	-10	-10	45	121	1462	885	106	103593	230	2332	0	16925	0	0	0	0	798925
44	-2	-10	-10	45	126	1378	998	105	103592	230	2332	0	16925	0	0	0	0	799137
44	-2	-10	-10	45	152	1254	1134	105	103592	230	2332	0	16950	0	0	0	0	799346
44	-2	-10	-10	45	255	1141	1205	105	103592	230	2332	0	16975	0	0	0	0	799617
44	-2	-10	-10	45	281	964	1331	106	103572	230	2330	0	17000	0	0	0	0	799763
44	-2	-10	-10	45	277	793	1421	106	103572	230	2327	0	16825	0	0	0	0	799978
44	-2	-10	-10	45	292	638	1475	106	103565	230	2327	0	16975	0	0	0	0	800186
44	-2	-10	-10	45	286	480	1515	106	103565	230	2325	0	16950	0	0	0	0	800396
44	-2	-10	-10	45	323	342	1535	106	103565	230	2322	0	16925	0	0	0	0	800605
44	-2	-10	-10	45	294	230	1553	105	103557	230	2320	0	16925	0	0	0	0	800817
44	-2	-10	-10	45	266	81	1559	105	103557	230	2320	0	16875	0	0	0	0	801026
44	-2	-10	-10	45	259	-15	1555	105	103557	230	2317	0	16975	0	0	0	0	801237
44	-2	-10	-10	45	244	-142	1542	105	103550	230	2320	0	16950	0	0	0	0	801447
44	-2	-10	-10	45	204	-290	1520	105	103550	230	2317	0	16975	0	0	0	0	801657
44	-2	-10	-10	45	149	-344	1518	105	103554	230	2315	0	16925	0	0	0	0	801867
44	-2	-10	-10	45	57	-389	1507	105	103554	230	2312	0	16950	0	0	0	0	802077
44	-2	-10	-10	45	110	-359	1512	105	103554	230	2315	0	16900	0	0	0	0	802290
44	-2	-10	-10	45	253	-356	1491	104	103566	230	2320	0	16975	0	0	0	0	802497
44	-2	-10	-10	45	455	-316	1453	104	103566	230	2322	0	16850	0	0	0	0	802769
44	-2	-10	-10	45	644	-294	1385	104	103566	230	2322	0	16900	0	0	0	0	802915
44	-2	-10	-10	45	800	-284	1313	104	103549	230	2320	0	16900	0	0	0	0	803129
44	-2	-10	-10	45	935	-262	1227	104	103549	230	2312	0	16950	0	0	0	0	803339
44	-2	-10	-10	45	1052	-205	1157	105	103548	230	2307	0	16975	0	0	0	0	803548
44	-2	-10	-10	45	1147	-136	1083	105	103548	230	2300	0	16950	0	0	0	0	803757
44	-2	-10	-10	45	1199	-55	1040	105	103548	230	2295	0	16875	0	0	0	0	803966
44	-2	-10	-10	45	1279	95	953	103	103557	230	2290	0	16850	0	0	0	0	804179
45	-2	-10	-10	46	1351	186	828	103	103557	230	2292	0	16900	0	0	0	0	804388
45	-2	-10	-10	46	1423	182	716	103	103557	230	2295	0	16850	0	0	0	0	804597
45	-2	-10	-10	46	1519	152	479	103	103572	230	2305	0	16900	0	0	0	0	804806
45	-2	-10	-10	46	1575	32	318	103	103572	230	2310	0	16850	0	0	0	0	805019
45	-2	-10	-10	46	1591	-75	200	103	103603	230	2312	0	16975	0	0	0	0	805228
45	-2	-10	-10	46	1596	-169	60	103	103603	230	2312	0	16975	0	0	0	0	805437
46	-3	-10	-10	47	1593	-180	-83	103	103603	230	2312	0	16925	0	0	0	0	805646
54	-4	-6	-6	55	1599	-131	-78	104	103599	240	2312	0	16975	0	0	0	0	805857
63	-6	-2	-2	64	1593	-50	-209	104	103599	240	2312	0	16850	0	0	0	0	806068
63	-6	-2	-2	64	1588	-69	-189	104	103599	240	2312	0	16975	0	0	0	0	806278
63	-6	-2	-2	64	1590	-180	-127	104	103590	240	2310	0	16850	0	0	0	0	806496
63	-6	-2	-2	64	1567	-327	-120	104	103590	240	2310	0	16975	0	0	0	0	806707
63	-6	-2	-2	64	1530	-481	-119	103	103580	240	2310	0	16900	0	0	0	0	806914
64	-6	-2	-2	65	1439	-712	-122	103	103580	240	2310	0	16975	0	0	0	0	807130
69	-6	-2	-2	70	1321	-917	-130	103	103580	240	2312	0	16925	0	0	0	0	807398
70	-6	-3	-3	71	1188	-1084	-163	103	103610	240	2310	0	16850	0	0	0	0	807544
70	-6	-3	-3	71	1043	-1229	-181	103	103610	240	2310	0	16875	0	0	0	0	807757
70	-6	-3	-3	71	867	-1358	-205	103	103610	240	2310	0	17000	0	0	0	0	807968
70	-6	-3	-3	71	695	-1458	-226	103	103604	240	2307	0	16950	0	0	0	0	808176
70	-6	-3	-3	71	484	-1546	-240	103	103604	240	2305	0	16925	0	0	0	0	808388
70	-6	-3	-3	71	279	-1599	-217	102	103598	240	2300	0	16925	0	0	0	0	808611
73	-6	-5	-5	74	61	-1629	-187	102	103598	240	2300	0	16950	0	0	0	0	808830
73	-6	-5	-5	74	-197	-1622	-158	102	103598	240	2302	0	16950	0	0	0	0	809040
73	-6	-5	-5	74	-419	-1588	-94	103	103601	240	2300	0	16925	0	0	0	0	809258
73	-6	-5	-5	74	-679	-1499	-26	103	103601	240	2292	0	16850	0	0	0	0	809481
73	-6	-5	-5	74	-930	-1363	28	103	103601	240	2285	0	17000	0	0	0	0	809700
73	-6	-5	-5	74	-1116	-1225	43	101	103605	240	2277	0	16975	0	0	0	0	809920
73	-6	-5	-5	74	-1286	-1060	61	101	103605	240	2260	0	16900	0	0	0	0	810128
73	-6	-5	-5	74	-1451	-831	80	101	103589	240	2250	0	17000	0	0	0	0	810420
73	-6	-5	-5	74	-1576	-602	115	101	103589	240	2255	0	16900	0	0	0	0	810565
73	-6	-5	-5	74	-1654	-372	149	101	103589	240	2272	0	16950	0	0	0	0	810777
73	-6	-5	-5	74	-1709	-95	120	101	103602	240	2275	0	16850	0	0	0	0	810983
73	-6	-5	-5	74	-1705	165	194	101	103602	240	2282	0	16925	0	0	0	0	811200
73	-6	-5	-5	74	-1706	292	124	101	103602	240	2280	0	16950	0	0	0	0	811407
73	-6	-5	-5	74	-1677	451	66	99	103602	240	2282	0	16900	0	0	0	0	811617
73	-6	-5	-5	74	-1646	553	107	99	103602	240	2285	0	16875	0	0	0	0	811828
73	-6	-5	-5	74	-1627	616	128	101	103560	240	2287	0	16825	0	0	0	0	812050
73	-6	-5	-5	74	-1610	630	148	101	103560	240	2282	0	16875	0	0	0	0	812258
73	-6	-5	-5	74	-1638	555	141	101	103560	240	2277	0	16850	0	0	0	0	812466
73	-6	-5	-5	74	-1650	526	120	101	103556	240	2275	0	16975	0	0	0	0	812678
73	-6	-5	-5	74	-1647	526	132	101	103556	240	2277	0	16900	0	0	0	0	812887
73	-6	-5	-5	74	-1654	507	127	101	103556	240	2277	0	16825	0	0	0	0	813098
73	-6	-5	-5	74	-1668	455	111	99	103566	240	2275	0	16950	0	0	0	0	813307
73	-6	-5	-5	74	-1675	439	126	99	103566	240	2275	0	17000	0	0	0	0	813579
73	-6	-5	-5	74	-1674	405	179	99	103564	240	2280	0	16925	0	0	0	0	813735
73	-6	-5	-5	74	-1674	415	164	99	103564	240	2277	0	16975	0	0	0	0	813841
73	-6	-5	-5	74	-1676	402	165	99	103564	240	2280	0	16850	0	0	0	0	813960
73	-6	-5	-5	74	-1676	406	164	99	103564	240	2282	0	16925	0	0	0	0	814185
73	-6	-5	-5	74	-1679	391	165	100	103558	240	2282	0	16875	0	0	0	0	814396
73	-6	-5	-5	74	-1675	390	190	100	103558	240	2287	0	16875	0	0	0	0	814605
73	-6	-5	-5	74	-1674	401	185	100	103571	240	2287	0	16975	0	0	0	0	814831
73	-6	-5	-5	74	-1683	356	187	100	103571	250	2287	0	16850	0	0	0	0	815112
73	-6	-5	-5	74	-1685	388	104	100	103571	250	2277	0	16950	0	0	0	0	815263
73	-6	-5	-5	74	-1698	325	102	99	103559	250	2275	0	16850	0	0	0	0	815478
73	-6	-5	-5	74	-1706	315	38	99	103559	250	2265	0	17000	0	0	0	0	815686
73	-6	-5	-5	74	-1687	376	122	99	103559	250	2277	0	16950	0	0	0	0	815896
73	-6	-5	-5	74	-1703	318	76	98	103575	250	2272	0	16925	0	0	0	0	816107
73	-6	-5	-5	74	-1717	205	32	98	103575	250	2250	0	16975	0	0	0	0	816315
73	-6	-5	-5	74	-1727	20	51	98	103571	250	2240	0	16975	0	0	0	0	816541
73	-6	-5	-5	74	-1716	-51	122	98	103571	250	2252	0	16925	0	0	0	0	816760
74	-6	-5	-5	75	-1718	-148	-58	98	103571	250	2122	0	16800	0	0	0	0	816970
74	-6	-5	-5	75	-1710	-186	-75	98	103582	250	2117	0	16950	0	0	0	0	817187
75	-6	-4	-4	76	-1715	-123	-146	98	103582	250	2165	0	16850	0	0	0	0	817397
81	-7	-1	0	82	-1723	-16	48	98	103582	250	2225	0	16875	0	0	0	0	817606
83	-7	0	0	84	-1727	101	-61	99	103602	250	2207	0	16925	0	0	0	0	817816
83	-7	0	0	84	-1717	245	-83	99	103602	250	2240	0	16825	0	0	0	0	818027
83	-7	0	0	84	-1694	374	-162	98	103590	250	2255	0	16925	0	0	0	0	818251
83	-7	0	0	84	-1666	437	-266	98	103590	250	2272	0	16800	0	0	0	0	818470
83	-7	0	0	84	-1634	544	-301	98	103590	250	2275	0	16925	0	0	0	0	818680
83	-7	0	0	84	-1571	622	-446	98	103571	250	2277	0	16950	0	0	0	0	818890
83	-7	0	0	84	-1505	714	-513	98	103571	250	2285	0	16925	0	0	0	0	819097
83	-7	0	0	84	-1444	843	-494	98	103575	250	2282	0	16975	0	0	0	0	819321
83	-7	0	0	84	-1342	1005	-478	98	103575	250	2280	0	16975	0	0	0	0	819540
83	-7	0	0	84	-1265	1095	-455	98	103575	250	2272	0	16875	0	0	0	0	819750
84	-7	0	0	85	-1197	1203	-379	98	103578	250	2267	0	16925	0	0	0	0	819960
84	-7	0	0	85	-1166	1248	-314	98	103578	250	2267	0	16925	0	0	0	0	820170
84	-7	0	0	85	-1108	1301	-301	98	103578	250	2257	0	16925	0	0	0	0	820380
84	-7	0	0	85	-1058	1355	-242	98	103553	250	2252	0	16950	0	0	0	0	820599
84	-7	0	0	85	-1084	1336	-171	98	103553	250	2247	0	16850	0	0	0	0	820808
84	-7	0	0	85	-1160	1289	-120	98	103562	250	2237	0	16925	0	0	0	0	821017
84	-7	0	0	85	-1158	1302	-77	98	103562	250	2235	0	16950	0	0	0	0	821287
84	-7	0	0	85	-1131	1327	-99	98	103562	250	2235	0	16925	0	0	0	0	821437
84	-7	0	0	85	-1108	1334	-176	98	103557	250	2245	0	16925	0	0	0	0	821644
84	-7	0	0	85	-1120	1315	-217	98	103557	250	2257	0	16900	0	0	0	0	821859
84	-7	0	0	85	-1124	1293	-291	98	103557	250	2270	0	16950	0	0	0	0	822068
84	-7	0	0	85	-1129	1286	-302	98	103557	250	2272	0	16925	0	0	0	0	822278
84	-7	0	0	85	-1145	1275	-291	98	103557	250	2255	0	16975	0	0	0	0	822487
84	-7	0	0	85	-1127	1250	-435	98	103517	250	2245	0	16825	0	0	0	0	822697
84	-7	0	0	85	-1084	1304	-359	98	103517	250	2240	0	16925	0	0	0	0	822906
84	-7	0	0	85	-1086	1319	-308	98	103517	250	2240	0	16975	0	0	0	0	823119
84	-7	0	0	85	-1122	1306	-225	98	103573	250	2227	0	16925	0	0	0	0	823328
84	-7	0	0	85	-1158	1301	-130	98	103573	250	2142	0	16925	0	0	0	0	823537
84	-7	0	0	85	-1155	1325	-28	98	103573	250	2242	0	16950	0	0	0	0	823749
84	-7	0	0	85	-1107	1365	-31	98	103590	250	2255	0	16975	0	0	0	0	823957
84	-7	0	0	85	-1016	1429	13	98	103590	250	2262	0	16925	0	0	0	0	824168
84	-7	0	0	85	-979	1442	79	97	103582	250	2265	0	16900	0	0	0	0	824377
84	-7	0	0	85	-1078	1357	169	97	103582	250	2265	0	16925	0	0	0	0	824589
84	-7	0	0	85	-1124	1289	368	97	103582	250	2270	0	16950	0	0	0	0	824797
84	-7	0	0	85	-1053	1338	406	98	103565	250	2275	0	16925	0	0	0	0	825008
84	-7	0	0	85	-869	1466	402	98	103565	250	2280	0	16925	0	0	0	0	825217
84	-7	0	0	85	-679	1565	366	98	103565	250	2282	0	16950	0	0	0	0	825429
85	-7	0	0	86	-505	1631	342	98	103578	250	2285	0	16850	0	0	0	0	825637
85	-7	0	0	86	-307	1672	328	98	103578	250	2287	0	16950	0	0	0	0	825909
85	-7	0	0	86	-118	1695	261	98	103578	250	2292	0	16850	0	0	0	0	826065
85	-7	0	0	86	57	1695	219	98	103553	250	2295	0	16950	0	0	0	0	826278
85	-7	0	0	86	190	1682	148	98	103553	250	2297	0	16825	0	0	0	0	826487
85	-7	0	0	86	366	1646	45	98	103545	250	2300	0	16975	0	0	0	0	826698
85	-7	0	0	86	486	1607	-12	98	103545	250	2310	0	16975	0	0	0	0	826908
85	-7	0	0	86	633	1540	-67	98	103545	250	2312	0	16850	0	0	0	0	827117
85	-7	0	0	86	749	1473	-134	97	103531	250	2315	0	16925	0	0	0	0	827328
85	-7	0	0	86	838	1411	-177	97	103531	250	2317	0	16950	0	0	0	0	827538
85	-7	0	0	86	894	1368	-198	97	103531	250	2317	0	16975	0	0	0	0	827747
85	-7	0	0	86	961	1314	-201	98	103527	250	2317	0	16950	0	0	0	0	827958
86	-7	0	0	87	1076	1195	-242	98	103527	250	2315	0	16925	0	0	0	0	828168
86	-7	0	0	87	1174	1058	-355	98	103508	250	2310	0	16925	0	0	0	0	828377
86	-7	0	0	87	1278	871	-410	98	103508	250	2310	0	16875	0	0	0	0	828588
87	-7	0	0	88	1394	641	-442	98	103508	250	2310	0	16825	0	0	0	0	828798
87	-7	0	0	88	1483	432	-390	96	103506	250	2312	0	16800	0	0	0	0	829016
87	-7	0	0	88	1545	239	-318	96	103506	250	2315	0	16825	0	0	0	0	829228
89	-7	0	0	90	1577	108	-256	96	103506	250	2315	0	16950	0	0	0	0	829437
94	-7	-1	-2	95	1588	-53	-205	93	103538	250	2312	0	16825	0	0	0	0	829649
96	-7	-2	-3	97	1564	-266	-222	93	103538	250	2310	0	16900	0	0	0	0	829857
96	-7	-2	-3	97	1519	-464	-227	93	103567	250	2310	0	16975	0	0	0	0	830068
96	-7	-2	-3	97	1419	-740	-244	93	103567	250	2310	0	16950	0	0	0	0	830287
96	-7	-2	-3	97	1188	-1067	-277	93	103567	250	2310	0	16950	0	0	0	0	830493
96	-7	-2	-3	97	1017	-1237	-243	96	103575	250	2310	0	16900	0	0	0	0	830707
96	-7	-2	-3	97	897	-1319	-265	96	103575	250	2310	0	16825	0	0	0	0	830917
96	-7	-2	-3	97	1077	-1142	-262	96	103575	250	2310	0	16950	0	0	0	0	831123
96	-7	-2	-3	97	1237	-995	-169	95	103579	250	2310	0	16950	0	0	0	0	831338
96	-7	-2	-3	97	1354	-839	9	95	103579	250	2307	0	16975	0	0	0	0	831561
96	-7	-2	-3	97	1423	-694	213	95	103636	250	2300	0	16900	0	0	0	0	831780
97	-7	-2	-3	98	1412	-596	476	95	103636	250	2280	0	16950	0	0	0	0	832051
97	-7	-2	-3	98	1348	-533	683	95	103636	250	2267	0	16975	0	0	0	0	832204
97	-7	-2	-3	98	1248	-489	875	95	103594	250	2282	0	16800	0	0	0	0	832417
97	-7	-2	-3	98	1119	-466	1042	95	103594	250	2297	0	16925	0	0	0	0	832627
97	-7	-2	-3	98	961	-430	1185	97	103576	250	2315	0	16975	0	0	0	0	832835
97	-7	-2	-3	98	835	-393	1282	97	103576	250	2320	0	16975	0	0	0	0	833047
97	-7	-2	-3	98	698	-370	1363	97	103576	250	2325	0	16925	0	0	0	0	833255
97	-7	-2	-3	98	567	-339	1421	94	103558	250	2325	0	16850	0	0	0	0	833467
97	-7	-2	-3	98	433	-324	1467	94	103558	250	2325	0	17000	0	0	0	0	833688
97	-7	-2	-3	98	261	-316	1510	94	103558	250	2325	0	16925	0	0	0	0	833906
97	-7	-2	-3	98	71	-303	1524	94	103558	250	2322	0	16950	0	0	0	0	834116
97	-7	-2	-3	98	-21	-326	1523	94	103558	250	2320	0	16875	0	0	0	0	834326
97	-7	-2	-3	98	-123	-324	1519	96	103551	250	2317	0	16925	0	0	0	0	834537
97	-7	-2	-3	98	-157	-332	1516	96	103551	250	2317	0	16850	0	0	0	0	834761
97	-7	-2	-3	98	60	-333	1517	96	103551	250	2322	0	16825	0	0	0	0	834981
97	-7	-2	-3	98	261	-375	1475	93	103567	250	2325	0	16875	0	0	0	0	835196
97	-7	-2	-3	98	534	-410	1390	93	103567	250	2325	0	16950	0	0	0	0	835407
97	-7	-2	-3	98	741	-457	1266	93	103567	250	2322	0	16825	0	0	0	0	835617
97	-7	-2	-3	98	956	-516	1097	92	103567	250	2305	0	16800	0	0	0	0	835827
97	-7	-2	-3	98	1151	-544	888	92	103567	250	2285	0	16825	0	0	0	0	836036
97	-7	-2	-3	98	1355	-573	531	92	103547	250	2277	0	16925	0	0	0	0	836248
97	-7	-2	-3	98	1470	-577	136	92	103547	250	2305	0	16950	0	0	0	0	836456
97	-7	-2	-3	98	1509	-469	-260	92	103547	250	2307	0	16850	0	0	0	0	836741
97	-7	-2	-3	98	1480	-351	-528	95	103612	250	2310	0	16850	0	0	0	0	836894
97	-7	-2	-3	98	1424	-315	-694	95	103612	250	2310	0	16950	0	0	0	0	837001
97	-7	-2	-3	98	1245	-271	-985	95	103612	250	2302	0	16925	0	0	0	0	837226
97	-7	-2	-3	98	1032	-310	-1201	93	103546	250	2297	0	16975	0	0	0	0	837435
97	-7	-2	-3	98	909	-325	-1283	93	103546	250	2297	0	16950	0	0	0	0	837538
97	-7	-2	-3	98	684	-369	-1399	93	103546	250	2295	0	16850	0	0	0	0	837766
97	-7	-2	-3	98	510	-365	-1475	93	103573	250	2290	0	16900	0	0	0	0	837976
97	-7	-2	-3	98	334	-355	-1532	93	103573	250	2287	0	16925	0	0	0	0	838247
97	-7	-2	-3	98	64	-384	-1567	93	103573	250	2280	0	16925	0	0	0	0	838395
97	-7	-2	-3	98	-146	-402	-1562	92	103580	250	2285	0	16925	0	0	0	0	838607
97	-7	-2	-3	98	-387	-481	-1509	92	103580	250	2300	0	16975	0	0	0	0	838813
97	-7	-2	-3	98	-609	-584	-1410	92	103580	250	2307	0	16950	0	0	0	0	839030
97	-7	-2	-3	98	-844	-622	-1280	96	103551	250	2312	0	16925	0	0	0	0	839240
97	-7	-2	-3	98	-1037	-645	-1147	96	103551	250	2315	0	16975	0	0	0	0	839448
97	-7	-2	-3	98	-1162	-697	-999	96	103570	250	2310	0	16925	0	0	0	0	839658
97	-7	-2	-3	98	-1301	-716	-801	96	103570	250	2305	0	16900	0	0	0	0	839868
97	-7	-2	-3	98	-1382	-787	-586	96	103570	250	2300	0	16975	0	0	0	0	840078
97	-7	-2	-3	98	-1433	-845	-324	90	103614	250	2300	0	16850	0	0	0	0	840288
97	-7	-2	-3	98	-1454	-858	-123	90	103614	250	2317	0	16875	0	0	0	0	840498
97	-7	-2	-3	98	-1440	-872	78	90	103614	250	2327	0	16875	0	0	0	0	840708
97	-7	-2	-3	98	-1374	-918	287	92	103649	250	2332	0	16975	0	0	0	0	840917
97	-7	-2	-3	98	-1262	-969	480	92	103649	250	2332	0	16850	0	0	0	0	841128
97	-7	-2	-3	98	-1173	-907	711	92	103581	250	2327	0	16900	0	0	0	0	841398
97	-7	-2	-3	98	-1082	-811	900	92	103581	250	2325	0	16950	0	0	0	0	841544
97	-7	-2	-3	98	-981	-717	1061	92	103581	250	2320	0	16950	0	0	0	0	841758
97	-7	-2	-3	98	-958	-630	1115	90	103569	250	2317	0	16850	0	0	0	0	841967
97	-7	-2	-3	98	-879	-542	1217	90	103569	250	2315	0	16925	0	0	0	0	842176
97	-7	-2	-3	98	-740	-481	1323	90	103569	250	2312	0	16925	0	0	0	0	842388
97	-7	-2	-3	98	-532	-412	1438	90	103537	250	2307	0	16850	0	0	0	0	842597
97	-7	-2	-3	98	-226	-374	1501	90	103537	250	2305	0	16975	0	0	0	0	842809
97	-7	-2	-3	98	-11	-315	1524	90	103598	250	2312	0	16925	0	0	0	0	843017
97	-7	-2	-3	98	148	-299	1515	90	103598	250	2317	0	16825	0	0	0	0	843229
97	-7	-2	-3	98	220	-337	1496	90	103598	250	2320	0	16975	0	0	0	0	843437
97	-7	-2	-3	98	332	-329	1479	90	103551	250	2322	0	16875	0	0	0	0	843649
97	-7	-2	-3	98	358	-416	1448	90	103551	250	2325	0	16825	0	0	0	0	843857
97	-7	-2	-3	98	344	-563	1393	90	103551	250	2327	0	16950	0	0	0	0	844068
97	-7	-2	-3	98	369	-781	1269	90	103556	250	2330	0	16975	0	0	0	0	844277
97	-7	-2	-3	98	368	-972	1138	90	103556	250	2327	0	16950	0	0	0	0	844489
97	-7	-2	-3	98	309	-1133	1004	89	103575	250	2327	0	16925	0	0	0	0	844697
97	-7	-2	-3	98	214	-1305	831	89	103575	250	2327	0	16925	0	0	0	0	844908
97	-7	-2	-3	98	125	-1408	701	89	103575	250	2327	0	16875	0	0	0	0	845117
97	-7	-2	-3	98	90	-1447	630	88	103651	250	2327	0	16950	0	0	0	0	845329
97	-7	-2	-3	98	133	-1523	438	88	103651	250	2327	0	16825	0	0	0	0	845537
97	-7	-2	-3	98	180	-1584	211	88	103651	250	2330	0	16950	0	0	0	0	845748
97	-7	-2	-3	98	256	-1600	-55	88	103679	260	2332	0	16850	0	0	0	0	846027
97	-7	-2	-3	98	311	-1572	-361	88	103679	260	2330	0	16950	0	0	0	0	846175
97	-7	-2	-3	98	379	-1479	-615	84	103651	260	2330	0	16900	0	0	0	0	846387
97	-7	-2	-3	98	408	-1333	-875	84	103651	260	2325	0	16975	0	0	0	0	846610
97	-7	-2	-3	98	403	-1185	-1064	84	103651	260	2322	0	16850	0	0	0	0	846819
97	-7	-2	-3	98	405	-998	-1225	83	103626	260	2317	0	16975	0	0	0	0	847027
97	-7	-2	-3	98	450	-760	-1356	83	103626	260	2312	0	16925	0	0	0	0	847236
97	-7	-2	-3	98	454	-494	-1461	83	103626	260	2310	0	16925	0	0	0	0	847448
97	-7	-2	-3	98	391	-238	-1528	83	103630	260	2307	0	16900	0	0	0	0	847658
97	-7	-2	-3	98	356	31	-1541	83	103630	260	2305	0	16825	0	0	0	0	847866
97	-7	-2	-3	98	323	258	-1523	80	103602	260	2300	0	16975	0	0	0	0	848078
97	-7	-2	-3	98	322	442	-1478	80	103602	260	2300	0	16925	0	0	0	0	848286
97	-7	-2	-3	98	377	594	-1404	80	103602	260	2300	0	16850	0	0	0	0	848498
97	-7	-2	-3	98	428	730	-1334	74	103591	260	2297	0	16950	0	0	0	0	848707
97	-7	-2	-3	98	428	877	-1243	74	103591	260	2300	0	16850	0	0	0	0	848918
97	-7	-2	-3	98	476	991	-1144	74	103591	260	2305	0	16825	0	0	0	0	849126
97	-7	-2	-3	98	533	1085	-1036	74	103611	260	2312	0	16875	0	0	0	0	849338
97	-7	-2	-3	98	472	1223	-936	74	103611	260	2312	0	16950	0	0	0	0	849557
97	-7	-2	-3	98	348	1400	-753	77	103608	260	2317	0	16900	0	0	0	0	849767
97	-7	-2	-3	98	364	1482	-609	77	103608	260	2320	0	16900	0	0	0	0	849990
97	-7	-2	-3	98	373	1508	-547	77	103608	260	2320	0	16950	0	0	0	0	850197
97	-7	-2	-3	98	362	1567	-397	78	103619	260	2320	0	16975	0	0	0	0	850405
97	-7	-2	-3	98	255	1642	-235	78	103619	260	2320	0	16925	0	0	0	0	850678
97	-7	-2	-3	98	166	1681	-77	78	103619	260	2320	0	16925	0	0	0	0	850833
97	-7	-2	-3	98	167	1687	118	75	103674	260	2322	0	16900	0	0	0	0	851050
98	-7	-2	-3	99	207	1662	311	75	103674	260	2325	0	16925	0	0	0	0	851269
98	-7	-2	-3	99	219	1613	522	75	103589	260	2327	0	16875	0	0	0	0	851474
98	-7	-2	-3	99	218	1527	732	75	103589	260	2327	0	16925	0	0	0	0	851687
98	-7	-2	-3	99	212	1446	868	75	103589	260	2327	0	16850	0	0	0	0	851897
98	-7	-2	-3	99	207	1379	958	73	103569	260	2327	0	16975	0	0	0	0	852181
98	-7	-2	-3	99	210	1285	1075	73	103569	260	2327	0	16950	0	0	0	0	852333
98	-7	-2	-3	99	207	1120	1227	73	103569	260	2325	0	16925	0	0	0	0	852550
98	-7	-2	-3	99	217	943	1341	73	103544	260	2325	0	16975	0	0	0	0	852769
98	-7	-2	-3	99	210	752	1441	73	103544	260	2325	0	16950	0	0	0	0	852991
98	-7	-2	-3	99	193	529	1513	74	103573	260	2325	0	16850	0	0	0	0	853221
98	-7	-2	-3	99	183	304	1553	74	103573	260	2325	0	16825	0	0	0	0	853426
98	-7	-2	-3	99	176	95	1560	74	103573	260	2322	0	16950	0	0	0	0	853711
98	-7	-2	-3	99	198	-63	1549	71	103569	260	2322	0	16925	0	0	0	0	853863
98	-7	-2	-3	99	196	-212	1527	71	103569	260	2317	0	16950	0	0	0	0	854077
98	-7	-2	-3	99	184	-314	1505	71	103551	260	2317	0	16925	0	0	0	0	854287
98	-7	-2	-3	99	162	-393	1489	71	103551	260	2317	0	16950	0	0	0	0	854494
98	-7	-2	-3	99	136	-419	1482	71	103551	260	2317	0	16800	0	0	0	0	854708
98	-7	-2	-3	99	228	-439	1458	71	103598	260	2320	0	16950	0	0	0	0	854931
98	-7	-2	-3	99	493	-430	1392	71	103598	260	2325	0	16950	0	0	0	0	855150
98	-7	-2	-3	99	700	-429	1299	71	103598	270	2322	0	16925	0	0	0	0	855360
98	-7	-2	-3	99	873	-536	1144	69	103558	270	2315	0	16875	0	0	0	0	855570
98	-7	-2	-3	99	986	-730	947	69	103558	270	2302	0	16850	0	0	0	0	855781
98	-7	-2	-3	99	972	-953	769	69	103547	270	2292	0	16950	0	0	0	0	855998
98	-7	-2	-3	99	842	-1178	633	69	103547	270	2287	0	16950	0	0	0	0	856208
98	-7	-2	-3	99	605	-1378	507	69	103547	270	2292	0	16925	0	0	0	0	856417
98	-7	-2	-3	99	298	-1525	371	70	103620	270	2297	0	16925	0	0	0	0	856627
98	-7	-2	-3	99	-31	-1587	259	70	103620	270	2295	0	16875	0	0	0	0	856836
98	-7	-2	-3	99	-304	-1569	228	70	103620	270	2292	0	16850	0	0	0	0	857046
98	-7	-2	-3	99	-580	-1490	247	70	103650	270	2295	0	16950	0	0	0	0	857258
98	-7	-2	-3	99	-855	-1351	275	70	103650	270	2290	0	16925	0	0	0	0	857467
98	-7	-2	-3	99	-1102	-1199	174	70	103616	270	2285	0	16850	0	0	0	0	857676
98	-7	-2	-3	99	-1258	-1074	4	70	103616	270	2272	0	16950	0	0	0	0	857886
98	-7	-2	-3	99	-1489	-759	-117	70	103616	270	2255	0	16950	0	0	0	0	858098
98	-7	-2	-3	99	-1633	-429	-155	68	103636	270	2255	0	16900	0	0	0	0	858367
98	-7	-2	-3	99	-1686	-219	91	68	103636	270	2282	0	16875	0	0	0	0	858515
98	-7	-2	-3	99	-1692	2	238	68	103636	270	2297	0	16950	0	0	0	0	858729
98	-7	-2	-3	99	-1663	243	342	74	103533	270	2300	0	16925	0	0	0	0	858937
98	-7	-2	-3	99	-1611	416	403	74	103533	270	2302	0	16800	0	0	0	0	859149
98	-7	-2	-3	99	-1578	581	367	74	103539	270	2297	0	16975	0	0	0	0	859357
98	-7	-2	-3	99	-1535	707	336	74	103539	270	2295	0	16925	0	0	0	0	859568
98	-7	-2	-3	99	-1474	843	331	74	103539	270	2292	0	16875	0	0	0	0	859776
98	-7	-2	-3	99	-1310	1057	480	73	103497	270	2287	0	16950	0	0	0	0	859989
98	-7	-2	-3	99	-1054	1183	705	73	103497	270	2285	0	16950	0	0	0	0	860197
98	-7	-2	-3	99	-906	1238	789	73	103497	270	2282	0	16975	0	0	0	0	860408
98	-7	-2	-3	99	-760	1307	834	73	103543	270	2277	0	16925	0	0	0	0	860616
98	-7	-2	-3	99	-498	1339	950	73	103543	270	2280	0	16925	0	0	0	0	860829
98	-7	-2	-3	99	-250	1324	1042	76	103632	270	2277	0	16975	0	0	0	0	861037
98	-7	-2	-3	99	33	1194	1183	76	103632	270	2285	0	16950	0	0	0	0	861248
98	-7	-2	-3	99	374	936	1297	76	103632	280	2287	0	16825	0	0	0	0	861466
98	-7	-2	-3	99	696	620	1307	72	103580	280	2292	0	16900	0	0	0	0	861677
98	-7	-2	-3	99	962	367	1204	72	103580	280	2287	0	16875	0	0	0	0	861887
98	-7	-2	-3	99	1178	57	1033	72	103580	280	2292	0	16850	0	0	0	0	862097
98	-7	-2	-3	99	1294	-131	896	72	103590	280	2287	0	16900	0	0	0	0	862303
98	-7	-2	-3	99	1356	-264	752	72	103590	280	2280	0	16950	0	0	0	0	862518
98	-7	-2	-3	99	1404	-369	626	69	103522	280	2275	0	16925	0	0	0	0	862741
98	-7	-2	-3	99	1403	-456	591	69	103522	280	2272	0	16825	0	0	0	0	862960
98	-7	-2	-3	99	1360	-490	652	69	103522	280	2270	0	16900	0	0	0	0	863170
98	-7	-2	-3	99	1345	-486	708	72	103519	280	2272	0	16925	0	0	0	0	863270
98	-7	-2	-3	99	1283	-493	830	72	103519	280	2282	0	16925	0	0	0	0	863390
98	-7	-2	-3	99	1061	-453	1107	72	103519	280	2307	0	16950	0	0	0	0	863605
98	-7	-2	-3	99	803	-402	1305	72	103519	280	2325	0	16950	0	0	0	0	863818
98	-7	-2	-3	99	502	-381	1440	71	103506	280	2322	0	16800	0	0	0	0	864026
98	-7	-2	-3	99	194	-325	1510	71	103506	280	2317	0	16925	0	0	0	0	864238
98	-7	-2	-3	99	19	-310	1523	71	103468	280	2315	0	16925	0	0	0	0	864509
98	-7	-2	-3	99	-51	-289	1527	71	103468	280	2315	0	16950	0	0	0	0	864664
98	-7	-2	-3	99	-41	-283	1527	71	103468	280	2315	0	16925	0	0	0	0	864880
98	-7	-2	-3	99	-39	-289	1527	71	103526	280	2315	0	16900	0	0	0	0	865090
